			--------Pedal------
Principal 16: timestamp [unknown]:  41 10 30 12 01 00 00 00 00 00 00 00 00 00 00 00 00 00 00 00 00 00 00 00 00 00 00 08 00 00 00 00 00 00 00 00 00 00 00 00 00 77 F7
Subbass 16: timestamp [unknown]:  41 10 30 12 01 00 00 00 00 00 00 00 00 00 00 00 00 00 00 00 00 00 00 00 00 00 00 18 00 00 00 00 00 00 00 00 00 00 00 00 00 67 F7
Octave 8: timestamp [unknown]:  41 10 30 12 01 00 00 00 00 00 00 00 00 00 00 00 00 00 00 00 00 00 00 00 00 00 00 18 04 00 00 00 00 00 00 00 00 00 00 00 00 63 F7
Gedackt 8: timestamp [unknown]:  41 10 30 12 01 00 00 00 00 00 00 00 00 00 00 00 00 00 00 00 00 00 00 00 00 00 00 18 14 00 00 00 00 00 00 00 00 00 00 00 00 53 F7
Choral Bass 4: timestamp [unknown]:  41 10 30 12 01 00 00 00 00 00 00 00 00 00 00 00 00 00 00 00 00 00 00 00 00 00 00 18 54 00 00 00 00 00 00 00 00 00 00 00 00 13 F7
Posaune 16: timestamp [unknown]:  41 10 30 12 01 00 00 00 00 00 00 00 00 00 00 00 00 00 00 00 00 00 00 00 00 00 00 18 54 00 01 00 00 00 00 00 00 00 00 00 00 12 F7
Sewl to Pedel: timestamp [unknown]:  41 10 30 12 01 00 00 00 00 00 00 00 00 00 00 00 00 00 00 00 00 00 00 00 00 00 00 18 54 00 01 20 00 00 00 00 00 00 00 00 00 72 F7
Great to Pedal: timestamp [unknown]:  41 10 30 12 01 00 00 00 00 00 00 00 00 00 00 00 00 00 00 00 00 00 00 00 00 00 00 18 54 00 01 28 00 00 00 00 00 00 00 00 00 6A F7

			-------Swell-------
Bourdon 8: timestamp [unknown]:  41 10 30 12 01 00 00 00 00 00 00 00 00 00 10 00 00 00 00 00 00 00 00 00 00 00 00 18 54 00 01 28 00 00 00 00 00 00 00 00 00 5A F7
Viola 8: timestamp [unknown]:  41 10 30 12 01 00 00 00 00 00 00 00 00 00 11 00 00 00 00 00 00 00 00 00 00 00 00 18 54 00 01 28 00 00 00 00 00 00 00 00 00 59 F7
Celeste 8: timestamp [unknown]:  41 10 30 12 01 00 00 00 00 00 00 00 00 00 11 01 00 00 00 00 00 00 00 00 00 00 00 18 54 00 01 28 00 00 00 00 00 00 00 00 00 58 F7
Principal 4: timestamp [unknown]:  41 10 30 12 01 00 00 00 00 00 00 00 00 00 11 09 00 00 00 00 00 00 00 00 00 00 00 18 54 00 01 28 00 00 00 00 00 00 00 00 00 50 F7
Nazard 2 2/3: timestamp [unknown]:  41 10 30 12 01 00 00 00 00 00 00 00 00 00 11 29 00 00 00 00 00 00 00 00 00 00 00 18 54 00 01 28 00 00 00 00 00 00 00 00 00 30 F7
Block-Flote 2: timestamp [unknown]:  41 10 30 12 01 00 00 00 00 00 00 00 00 00 11 29 01 00 00 00 00 00 00 00 00 00 00 18 54 00 01 28 00 00 00 00 00 00 00 00 00 2F F7
Tierce 1 3/5: timestamp [unknown]:  41 10 30 12 01 00 00 00 00 00 00 00 00 00 11 29 03 00 00 00 00 00 00 00 00 00 00 18 54 00 01 28 00 00 00 00 00 00 00 00 00 2D F7
Plein Jeu 4: timestamp [unknown]:  41 10 30 12 01 00 00 00 00 00 00 00 00 00 11 29 13 00 00 00 00 00 00 00 00 00 00 18 54 00 01 28 00 00 00 00 00 00 00 00 00 1D F7
Fagott 16: timestamp [unknown]:  41 10 30 12 01 00 00 00 00 00 00 00 00 00 11 29 53 00 00 00 00 00 00 00 00 00 00 18 54 00 01 28 00 00 00 00 00 00 00 00 00 5D F7
Hautbois 8: timestamp [unknown]:  41 10 30 12 01 00 00 00 00 00 00 00 00 00 11 29 53 04 00 00 00 00 00 00 00 00 00 18 54 00 01 28 00 00 00 00 00 00 00 00 00 59 F7
